Braves         7.57    3.04    2.49    0.75    20.1%   8.1%    12.0%   .240    1.25    .287    74.0%   82      84              3.44    3.58    -0.14                   
Astros         7.20    3.14    2.30    0.80    18.5%   8.1%    10.5%   .261    1.38    .308    70.1%   103     96              4.06    3.82    0.24                    
Dodgers        7.37    3.21    2.29    0.87    19.3%   8.4%    10.9%   .238    1.27    .280    71.3%   95      95              3.67    3.88    -0.21                   
Expos          6.66    2.92    2.28    0.90    17.3%   7.6%    9.7%    .256    1.33    .294    71.0%   97      96              4.11    4.03    0.08                    
Mets           6.28    2.80    2.25    0.93    16.4%   7.3%    9.1%    .257    1.31    .290    72.1%   95      97              3.88    4.06    -0.18                   
Reds           6.30    2.96    2.13    0.91    16.6%   7.8%    8.8%    .255    1.31    .288    71.5%   97      96              4.03    4.08    -0.05                   
Indians        6.41    3.08    2.08    0.93    16.8%   8.1%    8.7%    .251    1.31    .284    73.2%   81      89              3.83    4.16    -0.33                   
Red Sox        6.18    3.31    1.87    0.88    15.9%   8.5%    7.4%    .263    1.40    .298    69.1%   91      91              4.41    4.22    0.20                    
Padres         7.33    3.59    2.04    0.99    18.9%   9.3%    9.7%    .250    1.37    .291    70.5%   103     100             4.15    4.22    -0.08                   
Cardinals      5.99    3.16    1.89    0.96    15.5%   8.2%    7.3%    .261    1.37    .292    70.4%   100     104             4.10    4.31    -0.21                   
Phillies       6.84    3.75    1.82    0.93    17.6%   9.7%    7.9%    .249    1.38    .286    71.4%   100     103             4.21    4.31    -0.11                   
Pirates        6.15    3.37    1.83    0.92    15.5%   8.5%    7.0%    .277    1.48    .313    68.5%   110     102             4.71    4.32    0.39                    
Marlins        6.96    3.93    1.77    0.97    17.7%   10.0%   7.7%    .259    1.45    .298    72.1%   103     104             4.28    4.38    -0.10                   
Mariners       7.46    4.13    1.81    1.04    18.6%   10.3%   8.3%    .263    1.50    .307    71.8%   95      94              4.52    4.43    0.08                    
Orioles        6.61    3.72    1.78    1.06    17.3%   9.7%    7.6%    .242    1.33    .271    71.6%   91      95              4.31    4.49    -0.18                   
Cubs           6.41    3.58    1.79    1.12    16.3%   9.1%    7.2%    .257    1.41    .286    72.9%   98      106             4.13    4.57    -0.44                   
Angels         6.31    3.41    1.85    1.14    16.2%   8.7%    7.4%    .260    1.40    .288    70.9%   95      96              4.53    4.59    -0.06                   
Royals         5.33    3.51    1.52    0.99    13.7%   9.0%    4.7%    .264    1.42    .287    70.4%   93      98              4.49    4.61    -0.13                   
Rangers        5.87    3.60    1.63    1.06    14.9%   9.1%    5.8%    .273    1.48    .302    70.5%   96      98              4.66    4.62    0.04                    
Rockies        6.22    3.58    1.74    1.12    15.6%   9.0%    6.6%    .280    1.52    .313    68.5%   96      99              4.97    4.62    0.34                    
Yankees        6.36    3.75    1.70    1.11    16.3%   9.6%    6.7%    .257    1.42    .286    71.5%   100     100             4.56    4.62    -0.06                   
Athletics      6.29    3.93    1.60    1.08    15.9%   9.9%    6.0%    .264    1.47    .295    68.1%   109     101             4.97    4.70    0.27                    
Blue Jays      6.22    4.55    1.37    1.01    15.5%   11.3%   4.2%    .264    1.54    .296    68.8%   103     102             4.88    4.81    0.07                    
Giants         5.57    3.51    1.59    1.20    14.1%   8.9%    5.2%    .268    1.45    .289    68.4%   120     117             4.86    4.90    -0.04                   
White Sox      6.25    4.32    1.45    1.15    15.6%   10.8%   4.8%    .271    1.55    .301    70.7%   107     107             4.85    4.91    -0.05                   
Brewers        4.89    4.22    1.16    1.02    12.2%   10.6%   1.7%    .275    1.55    .296    70.5%   100     107             4.82    5.01    -0.19                   
Tigers         5.15    3.78    1.36    1.20    12.6%   9.3%    3.3%    .291    1.60    .312    67.3%   116     106             5.50    5.06    0.44                    
Twins          5.59    3.77    1.48    1.49    13.8%   9.3%    4.5%    .282    1.56    .299    65.5%   120     115             5.77    5.35    0.42                    
