Braves         7.34    2.76    2.66    0.68    19.7%   7.4%    12.3%   .237    1.21    .283    74.1%   76      82              3.18    3.45    -0.27                   
Cardinals      6.99    3.31    2.11    0.77    18.2%   8.6%    9.5%    .253    1.35    .297    71.0%   93      91              3.88    3.89    -0.01                   
Astros         7.02    3.15    2.23    0.83    18.5%   8.3%    10.2%   .246    1.30    .287    73.1%   92      97              3.67    3.90    -0.23                   
Yankees        7.14    3.26    2.19    0.88    18.6%   8.5%    10.1%   .257    1.36    .300    73.5%   87      89              3.84    3.98    -0.13                   
Dodgers        7.60    3.37    2.26    1.01    19.9%   8.8%    11.1%   .237    1.28    .276    75.3%   93      99              3.63    4.09    -0.46                   
Marlins        7.39    3.98    1.86    0.81    19.1%   10.3%   8.8%    .245    1.38    .291    74.1%   95      98              3.83    4.10    -0.27                   
Blue Jays      7.17    3.10    2.31    1.04    18.7%   8.1%    10.6%   .259    1.35    .299    73.8%   86      92              3.93    4.13    -0.20                   
Expos          7.08    3.46    2.04    0.93    18.4%   9.0%    9.4%    .245    1.33    .284    70.1%   98      99              4.14    4.16    -0.02                   
Pirates        6.77    3.51    1.93    0.90    17.2%   8.9%    8.3%    .265    1.44    .306    70.9%   100     99              4.28    4.20    0.08                    
Orioles        7.02    3.47    2.02    1.01    18.3%   9.1%    9.3%    .250    1.35    .287    74.5%   87      93              3.91    4.23    -0.32                   
Mets           6.06    3.11    1.95    0.99    15.8%   8.1%    7.7%    .257    1.34    .286    72.7%   98      104             3.95    4.32    -0.37                   
Reds           7.20    3.47    2.08    1.07    18.5%   8.9%    9.6%    .250    1.36    .287    71.0%   105     102             4.42    4.38    0.04                    
Giants         6.50    3.60    1.81    1.00    16.6%   9.2%    7.4%    .264    1.43    .299    69.8%   110     105             4.43    4.38    0.05                    
Phillies       7.66    3.90    1.96    1.08    19.4%   9.9%    9.5%    .259    1.45    .304    68.0%   113     104             4.87    4.40    0.47                    
Red Sox        6.12    3.79    1.62    0.92    15.3%   9.5%    5.8%    .272    1.50    .307    68.2%   104     101             4.85    4.49    0.36                    
Mariners       7.50    3.72    2.02    1.19    19.0%   9.4%    9.6%    .263    1.45    .304    70.2%   104     99              4.79    4.54    0.25                    
Padres         6.57    3.70    1.78    1.07    16.5%   9.3%    7.2%    .274    1.50    .310    67.4%   126     110             4.98    4.55    0.43                    
Brewers        6.41    3.42    1.87    1.12    16.6%   8.9%    7.7%    .257    1.37    .287    72.1%   91      100             4.23    4.57    -0.33                   
Rangers        5.82    3.41    1.71    1.06    14.7%   8.6%    6.1%    .279    1.50    .308    69.8%   98      99              4.70    4.57    0.14                    
Tigers         6.11    3.44    1.78    1.11    15.7%   8.8%    6.9%    .261    1.40    .289    70.3%   99      98              4.56    4.59    -0.02                   
Cubs           6.75    3.72    1.82    1.17    17.2%   9.5%    7.7%    .259    1.43    .292    72.6%   103     107             4.44    4.62    -0.18                   
Indians        6.54    3.63    1.80    1.14    16.5%   9.2%    7.4%    .271    1.48    .305    70.5%   102     103             4.73    4.62    0.10                    
White Sox      6.08    3.64    1.67    1.11    15.3%   9.2%    6.2%    .266    1.46    .294    68.5%   107     104             4.74    4.64    0.10                    
Twins          5.70    3.11    1.83    1.17    14.5%   7.9%    6.6%    .279    1.46    .305    67.8%   107     103             5.02    4.64    0.38                    
Royals         5.99    3.31    1.81    1.16    15.3%   8.5%    6.9%    .269    1.43    .296    69.8%   102     101             4.71    4.67    0.04                    
Angels         6.50    3.74    1.74    1.25    16.5%   9.5%    7.0%    .264    1.45    .293    72.8%   99      105             4.52    4.83    -0.31                   
Rockies        5.47    3.56    1.54    1.23    13.6%   8.8%    4.7%    .293    1.58    .318    69.2%   101     106             5.25    5.00    0.25                    
Athletics      5.93    4.00    1.48    1.23    14.4%   9.7%    4.7%    .294    1.64    .324    69.0%   123     112             5.49    5.03    0.46                    
