Dodgers        7.96    3.25    2.45    0.78    21.5%   8.8%    12.7%   .231    1.22    .280    77.0%   78      82      84      3.16    3.56    -0.41   3.63    3.67    
Yankees        6.89    2.31    2.98    0.89    18.0%   6.0%    12.0%   .261    1.29    .302    70.4%   90      82      88      4.03    3.66    0.37    3.92    3.87    
Cubs           8.68    3.81    2.28    0.88    22.5%   9.9%    12.6%   .235    1.32    .291    73.1%   89      86      86      3.83    3.80    0.03    3.75    3.74    
Marlins        7.05    3.30    2.14    0.80    18.4%   8.6%    9.8%    .253    1.35    .297    71.6%   98      90      97      4.04    3.80    0.24    4.21    4.14    
Diamondbacks   7.99    3.25    2.45    0.93    20.7%   8.4%    12.3%   .245    1.31    .293    73.1%   85      86      88      3.84    3.83    0.01    3.81    3.75    
Red Sox        7.01    3.00    2.34    0.94    18.0%   7.7%    10.3%   .260    1.36    .300    67.9%   97      91      92      4.49    3.99    0.51    4.09    4.00    
Athletics      6.36    3.12    2.04    0.87    16.7%   8.2%    8.5%    .242    1.27    .274    73.6%   81      90      94      3.63    4.03    -0.40   4.21    4.20    
Giants         6.30    3.42    1.84    0.85    16.5%   9.0%    7.6%    .245    1.32    .278    74.4%   90      98      101     3.73    4.09    -0.37   4.40    4.39    
Phillies       6.61    3.34    1.98    0.89    17.1%   8.7%    8.5%    .248    1.33    .284    72.3%   97      97      99      4.06    4.12    -0.06   4.32    4.24    
Braves         6.13    3.43    1.79    0.91    15.9%   8.9%    7.0%    .252    1.36    .283    70.6%   95      98      98      4.10    4.21    -0.11   4.24    4.32    
White Sox      6.64    3.26    2.04    1.02    17.4%   8.5%    8.9%    .248    1.32    .281    71.4%   90      90      97      4.17    4.22    -0.05   4.32    4.27    
Astros         7.07    3.51    2.02    1.00    18.4%   9.1%    9.3%    .244    1.32    .281    74.4%   89      97      99      3.87    4.23    -0.36   4.29    4.15    
Twins          6.14    2.48    2.48    1.15    16.0%   6.4%    9.5%    .263    1.32    .290    71.1%   97      98      98      4.41    4.26    0.15    4.38    4.24    
Mariners       6.25    2.91    2.15    1.08    16.6%   7.7%    8.9%    .243    1.25    .269    75.6%   87      98      101     3.76    4.29    -0.53   4.49    4.33    
Expos          6.44    2.90    2.22    1.13    16.7%   7.5%    9.2%    .260    1.34    .290    73.5%   91      98      97      4.01    4.35    -0.34   4.23    4.16    
Blue Jays      6.17    3.04    2.03    1.15    15.7%   7.7%    8.0%    .272    1.43    .302    69.2%   100     98      95      4.69    4.46    0.23    4.26    4.24    
Indians        5.82    3.09    1.88    1.10    15.1%   8.0%    7.1%    .260    1.36    .284    70.6%   95      102     99      4.21    4.49    -0.29   4.43    4.41    
Pirates        5.77    3.13    1.84    1.11    14.7%   8.0%    6.7%    .266    1.40    .292    70.0%   108     105     102     4.65    4.52    0.13    4.44    4.43    
Angels         6.16    3.06    2.02    1.19    15.9%   7.9%    8.0%    .258    1.35    .283    72.6%   96      103     103     4.28    4.57    -0.28   4.58    4.40    
Mets           5.78    3.67    1.57    1.07    14.6%   9.3%    5.3%    .268    1.47    .295    72.4%   108     108     110     4.50    4.61    -0.12   4.78    4.70    
Orioles        6.09    3.27    1.87    1.23    15.4%   8.3%    7.1%    .274    1.45    .301    71.5%   108     104     102     4.76    4.71    0.05    4.54    4.44    
Cardinals      5.96    3.12    1.91    1.29    15.2%   8.0%    7.2%    .266    1.40    .289    72.5%   110     111     106     4.62    4.75    -0.13   4.60    4.48    
Padres         6.86    3.84    1.79    1.31    17.3%   9.7%    7.6%    .259    1.45    .289    70.7%   122     115     103     4.87    4.81    0.07    4.47    4.37    
Royals         5.41    3.54    1.53    1.19    13.6%   8.9%    4.7%    .274    1.48    .295    68.9%   106     106     110     5.07    4.86    0.20    4.90    4.78    
Brewers        6.41    3.56    1.80    1.36    16.0%   8.9%    7.1%    .273    1.49    .300    70.5%   117     111     108     5.03    4.88    0.14    4.68    4.50    
Rangers        6.34    3.79    1.67    1.31    15.7%   9.4%    6.3%    .283    1.55    .313    66.1%   119     107     102     5.69    4.90    0.78    4.54    4.51    
Reds           5.80    3.67    1.58    1.30    14.5%   9.2%    5.3%    .273    1.50    .295    69.1%   117     111     108     5.09    4.94    0.15    4.70    4.66    
Rockies        5.49    3.50    1.57    1.27    13.6%   8.7%    4.9%    .284    1.54    .307    69.2%   106     108     109     5.24    4.99    0.25    4.74    4.67    
Tigers         4.78    3.48    1.37    1.22    12.0%   8.7%    3.2%    .280    1.51    .296    66.5%   121     114     111     5.32    5.01    0.31    4.95    4.93    
Devil Rays     5.49    4.00    1.37    1.23    13.8%   10.1%   3.8%    .259    1.46    .278    69.8%   110     116     115     4.93    5.12    -0.19   5.13    4.93    
