Cubs           8.27    3.35    2.47    1.04    21.5%   8.7%    12.8%   .242    1.30    .289    75.5%   88      89      88      3.83    3.98    -0.16   3.89    3.85    
Twins          6.85    2.63    2.61    1.02    17.9%   6.9%    11.0%   .263    1.32    .302    72.9%   87      91      91      4.04    3.98    0.06    4.09    4.06    
Red Sox        7.02    2.77    2.53    0.99    18.2%   7.2%    11.0%   .252    1.29    .289    68.8%   89      92      92      4.19    4.03    0.16    4.17    4.05    
Astros         8.00    3.27    2.44    1.09    20.7%   8.5%    12.2%   .252    1.35    .299    74.3%   93      92      89      4.05    4.07    -0.02   3.95    3.90    
Angels         7.20    3.11    2.32    1.05    18.6%   8.0%    10.6%   .259    1.36    .299    72.2%   96      93      95      4.28    4.09    0.19    4.29    4.17    
Brewers        6.85    2.97    2.31    1.02    17.7%   7.7%    10.0%   .254    1.33    .289    69.6%   99      92      96      4.26    4.10    0.16    4.22    4.18    
Braves         6.36    3.25    1.96    0.96    16.5%   8.4%    8.1%    .260    1.38    .294    75.0%   87      95      95      3.75    4.15    -0.40   4.18    4.32    
Marlins        6.98    3.21    2.18    1.04    18.3%   8.4%    9.9%    .252    1.33    .288    72.9%   99      97      95      4.10    4.17    -0.08   4.21    4.21    
Cardinals      6.45    2.72    2.37    1.05    17.1%   7.2%    9.8%    .246    1.25    .276    74.4%   89      96      92      3.75    4.17    -0.43   4.06    4.10    
Padres         6.74    2.64    2.56    1.15    17.6%   6.9%    10.7%   .258    1.31    .290    73.2%   102     99      94      4.03    4.19    -0.16   4.14    4.12    
Pirates        6.80    3.63    1.87    0.94    17.4%   9.3%    8.1%    .261    1.42    .301    71.5%   100     97      99      4.31    4.24    0.07    4.38    4.39    
Yankees        6.60    2.77    2.38    1.13    17.0%   7.1%    9.8%    .267    1.37    .300    69.0%   103     95      96      4.69    4.27    0.42    4.34    4.23    
Giants         6.30    3.39    1.86    0.99    16.1%   8.7%    7.5%    .259    1.39    .290    70.6%   102     102     101     4.34    4.31    0.03    4.44    4.48    
Athletics      6.32    3.33    1.90    1.00    16.4%   8.6%    7.8%    .257    1.37    .289    72.3%   90      96      97      4.17    4.34    -0.17   4.39    4.41    
Dodgers        6.60    3.23    2.05    1.10    17.3%   8.5%    8.9%    .248    1.31    .279    74.6%   96      99      100     4.01    4.36    -0.35   4.40    4.37    
Mets           6.07    3.68    1.65    0.97    15.4%   9.3%    6.1%    .255    1.41    .284    72.7%   97      102     104     4.10    4.43    -0.33   4.57    4.63    
Orioles        6.74    4.25    1.59    0.98    16.9%   10.6%   6.2%    .261    1.49    .298    69.8%   103     97      103     4.71    4.52    0.19    4.66    4.63    
Tigers         6.22    3.31    1.88    1.19    15.8%   8.4%    7.4%    .270    1.44    .299    68.9%   110     103     99      4.93    4.60    0.33    4.48    4.47    
Indians        6.84    3.55    1.93    1.23    17.3%   9.0%    8.3%    .267    1.45    .301    69.9%   107     105     98      4.82    4.62    0.20    4.43    4.38    
Rangers        6.12    3.42    1.79    1.14    15.4%   8.6%    6.8%    .269    1.45    .297    71.8%   92      99      102     4.54    4.64    -0.10   4.62    4.56    
Phillies       6.58    3.09    2.13    1.32    17.0%   8.0%    9.0%    .259    1.36    .286    72.6%   101     103     101     4.47    4.65    -0.19   4.43    4.34    
Expos          6.42    3.62    1.77    1.19    16.4%   9.2%    7.1%    .262    1.42    .291    73.2%   97      105     103     4.33    4.71    -0.38   4.54    4.51    
Blue Jays      6.05    3.85    1.57    1.15    15.2%   9.7%    5.5%    .268    1.49    .296    70.3%   103     103     104     4.93    4.77    0.16    4.73    4.73    
Diamondbacks   7.23    4.19    1.73    1.23    18.0%   10.4%   7.6%    .261    1.50    .297    68.0%   109     105     101     4.98    4.78    0.20    4.43    4.44    
Mariners       6.39    3.55    1.80    1.31    16.2%   9.0%    7.2%    .261    1.42    .286    71.5%   107     109     106     4.76    4.85    -0.09   4.79    4.62    
White Sox      6.37    3.31    1.92    1.41    16.4%   8.5%    7.9%    .268    1.42    .293    70.7%   104     102     98      4.91    4.87    0.04    4.45    4.47    
Royals         5.62    3.28    1.71    1.32    14.0%   8.2%    5.8%    .285    1.52    .307    68.0%   106     106     107     5.16    4.92    0.25    4.85    4.77    
Devil Rays     5.86    3.68    1.59    1.22    14.7%   9.3%    5.5%    .261    1.44    .283    69.2%   105     109     109     4.82    4.93    -0.11   4.97    4.80    
Reds           6.18    3.57    1.73    1.47    15.4%   8.9%    6.5%    .274    1.50    .296    69.5%   119     113     106     5.21    5.10    0.11    4.67    4.63    
Rockies        5.94    4.37    1.36    1.24    14.5%   10.7%   3.8%    .283    1.62    .311    69.6%   114     110     112     5.54    5.13    0.41    4.93    4.93    
