Marlins        7.02    3.51    2.00    0.72    18.0%   9.0%    9.0%    .260    1.40    .308    70.4%   102     91      97      4.19    3.81    0.38    4.13    4.11    
Astros         7.26    2.74    2.65    0.97    19.3%   7.3%    12.0%   .242    1.23    .281    75.8%   83      89      88      3.52    3.84    -0.32   3.75    3.73    
Angels         6.92    2.72    2.54    0.97    18.3%   7.2%    11.1%   .250    1.27    .288    75.0%   86      92      95      3.68    3.89    -0.22   4.11    3.96    
Padres         7.01    3.11    2.25    0.90    18.1%   8.0%    10.1%   .255    1.34    .295    71.0%   106     96      96      4.13    3.90    0.23    4.10    4.02    
Indians        6.51    2.56    2.54    0.97    17.4%   6.8%    10.5%   .244    1.22    .275    73.6%   84      93      92      3.61    3.92    -0.31   3.97    3.94    
Mets           6.34    3.08    2.06    0.85    16.5%   8.0%    8.5%    .249    1.31    .283    73.7%   91      95      99      3.77    3.98    -0.20   4.23    4.21    
Twins          5.93    2.14    2.77    1.04    15.9%   5.7%    10.2%   .257    1.23    .283    73.6%   86      95      93      3.72    4.00    -0.28   4.04    4.01    
Athletics      6.67    3.13    2.13    0.96    17.7%   8.3%    9.4%    .238    1.25    .271    73.4%   87      95      96      3.70    4.08    -0.39   4.14    4.10    
Cardinals      6.06    2.76    2.20    0.95    16.1%   7.3%    8.8%    .252    1.27    .282    75.1%   84      98      93      3.49    4.09    -0.61   3.98    3.99    
White Sox      6.34    2.80    2.27    1.02    16.8%   7.4%    9.4%    .246    1.25    .275    75.4%   81      91      96      3.61    4.12    -0.51   4.14    4.12    
Nationals      6.15    3.33    1.85    0.86    15.9%   8.6%    7.3%    .257    1.37    .290    74.5%   95      101     106     3.87    4.16    -0.29   4.51    4.42    
Braves         5.79    3.24    1.79    0.90    15.0%   8.4%    6.6%    .264    1.39    .294    74.3%   95      99      99      3.98    4.19    -0.20   4.23    4.34    
Brewers        7.34    3.56    2.06    1.06    18.9%   9.2%    9.7%    .247    1.36    .285    73.8%   93      97      99      3.98    4.20    -0.22   4.22    4.11    
Cubs           7.85    3.60    2.18    1.16    20.3%   9.3%    11.0%   .244    1.34    .284    73.7%   96      98      92      4.19    4.26    -0.07   3.90    3.88    
Yankees        6.20    2.91    2.13    1.03    15.9%   7.5%    8.4%    .265    1.37    .297    69.1%   105     99      101     4.54    4.28    0.26    4.36    4.17    
Red Sox        6.04    2.77    2.18    1.03    15.4%   7.1%    8.3%    .272    1.39    .303    68.9%   105     101     102     4.74    4.28    0.46    4.44    4.27    
Phillies       7.27    3.05    2.38    1.19    18.9%   8.0%    11.0%   .248    1.30    .283    72.4%   97      98      92      4.21    4.29    -0.07   3.94    3.87    
Giants         6.06    3.69    1.64    0.94    15.5%   9.4%    6.1%    .258    1.42    .289    71.6%   103     105     108     4.35    4.35    0.00    4.59    4.55    
Rangers        5.83    3.26    1.79    0.99    14.6%   8.2%    6.4%    .274    1.47    .304    67.4%   109     99      103     4.97    4.37    0.60    4.46    4.39    
Dodgers        6.33    2.97    2.13    1.15    16.4%   7.7%    8.7%    .257    1.33    .285    70.8%   105     103     99      4.38    4.40    -0.01   4.20    4.14    
Blue Jays      5.96    2.76    2.16    1.15    15.5%   7.2%    8.3%    .261    1.33    .286    74.2%   91      100     98      4.06    4.42    -0.36   4.26    4.18    
Orioles        6.63    3.66    1.81    1.13    16.9%   9.3%    7.6%    .260    1.43    .292    70.2%   105     101     100     4.56    4.51    0.05    4.34    4.28    
Diamondbacks   6.41    3.32    1.93    1.19    16.2%   8.4%    7.8%    .272    1.45    .303    69.3%   110     103     100     4.87    4.55    0.32    4.25    4.24    
Mariners       5.62    3.13    1.80    1.13    14.5%   8.0%    6.4%    .264    1.39    .287    72.0%   107     107     108     4.49    4.56    -0.07   4.68    4.55    
Pirates        6.00    3.84    1.57    1.02    15.3%   9.8%    5.5%    .261    1.44    .290    71.6%   106     109     108     4.44    4.57    -0.13   4.60    4.57    
Tigers         5.69    2.89    1.97    1.21    14.8%   7.5%    7.3%    .267    1.37    .290    70.4%   105     106     101     4.52    4.57    -0.05   4.38    4.33    
Rockies        6.22    3.83    1.62    1.11    15.4%   9.5%    5.9%    .281    1.55    .314    69.8%   110     105     108     5.14    4.70    0.44    4.59    4.51    
Royals         5.88    3.69    1.59    1.13    14.5%   9.1%    5.4%    .287    1.57    .317    66.5%   124     109     109     5.56    4.74    0.82    4.72    4.57    
Reds           6.00    3.09    1.94    1.38    14.9%   7.7%    7.2%    .284    1.50    .309    69.7%   121     111     108     5.18    4.87    0.30    4.60    4.41    
Devil Rays     6.01    3.89    1.54    1.23    14.9%   9.6%    5.2%    .275    1.54    .302    66.4%   126     113     113     5.40    4.89    0.51    4.90    4.70    
