Twins          7.28    2.23    3.27    1.14    19.2%   5.9%    13.3%   .263    1.28    .302    73.7%   88      91      87      3.95    3.99    -0.04   3.93    3.87    
Angels         7.21    2.92    2.47    0.98    18.9%   7.7%    11.3%   .251    1.29    .291    70.1%   89      91      95      4.04    4.03    0.01    4.28    4.16    
Dodgers        6.58    3.03    2.17    0.94    17.0%   7.8%    9.2%    .265    1.38    .302    70.8%   96      92      95      4.23    4.13    0.10    4.29    4.27    
Astros         7.11    2.94    2.42    1.12    18.7%   7.7%    10.9%   .251    1.30    .286    72.8%   92      93      92      4.09    4.27    -0.18   4.16    4.12    
Padres         6.75    2.88    2.34    1.08    17.8%   7.6%    10.2%   .245    1.27    .276    73.9%   94      98      97      3.88    4.27    -0.39   4.39    4.29    
Tigers         6.23    3.04    2.05    0.99    16.3%   8.0%    8.4%    .253    1.32    .284    74.1%   85      95      98      3.85    4.32    -0.47   4.43    4.43    
Diamondbacks   6.87    3.30    2.08    1.04    17.6%   8.5%    9.1%    .262    1.40    .299    70.4%   96      93      95      4.49    4.34    0.15    4.30    4.30    
Indians        5.99    2.71    2.21    1.05    15.3%   6.9%    8.4%    .277    1.41    .308    70.0%   98      98      99      4.43    4.34    0.09    4.47    4.45    
Mets           7.15    3.25    2.20    1.11    18.6%   8.4%    10.2%   .248    1.32    .284    72.5%   95      97      96      4.16    4.37    -0.21   4.34    4.25    
Brewers        7.23    3.24    2.23    1.12    18.4%   8.3%    10.2%   .259    1.38    .297    67.4%   107     97      97      4.83    4.39    0.44    4.40    4.28    
Yankees        6.35    3.09    2.05    1.06    16.4%   8.0%    8.4%    .258    1.36    .289    70.3%   97      98      102     4.43    4.42    0.01    4.61    4.48    
Athletics      6.22    3.28    1.90    1.00    16.0%   8.4%    7.5%    .268    1.41    .301    73.4%   95      98      103     4.22    4.42    -0.21   4.67    4.60    
Rangers        6.11    3.12    1.96    1.02    15.6%   8.0%    7.6%    .275    1.44    .307    70.6%   97      96      100     4.61    4.44    0.17    4.50    4.47    
Red Sox        6.68    3.18    2.10    1.13    17.0%   8.1%    8.9%    .275    1.44    .311    69.8%   102     102     99      4.83    4.50    0.33    4.50    4.39    
Blue Jays      6.78    3.18    2.13    1.17    17.5%   8.2%    9.3%    .259    1.37    .292    71.7%   95      98      95      4.37    4.51    -0.13   4.30    4.28    
Rockies        5.92    3.44    1.72    0.96    15.1%   8.8%    6.3%    .272    1.45    .304    69.5%   95      95      103     4.66    4.51    0.15    4.68    4.68    
Giants         6.24    3.68    1.70    0.96    15.9%   9.4%    6.6%    .255    1.40    .287    69.1%   103     102     107     4.64    4.52    0.12    4.82    4.75    
Pirates        6.65    3.89    1.71    0.98    16.7%   9.8%    6.9%    .273    1.51    .312    71.3%   103     102     101     4.55    4.53    0.02    4.59    4.60    
White Sox      6.29    2.69    2.34    1.24    16.2%   6.9%    9.3%    .267    1.36    .295    70.5%   97      96      100     4.61    4.56    0.05    4.50    4.41    
Mariners       6.64    3.48    1.91    1.14    17.0%   8.9%    8.1%    .264    1.42    .297    71.1%   105     103     102     4.60    4.59    0.01    4.61    4.53    
Marlins        6.83    3.91    1.75    1.04    17.3%   9.9%    7.4%    .262    1.46    .299    72.0%   100     103     104     4.37    4.59    -0.22   4.72    4.62    
Phillies       7.01    3.16    2.22    1.30    17.9%   8.0%    9.8%    .270    1.42    .304    71.9%   100     100     95      4.61    4.65    -0.04   4.33    4.27    
Braves         6.55    3.57    1.83    1.14    16.5%   9.0%    7.5%    .267    1.46    .300    71.1%   102     103     100     4.60    4.65    -0.05   4.53    4.53    
Reds           6.56    2.89    2.27    1.33    16.7%   7.3%    9.3%    .272    1.41    .301    72.1%   99      100     99      4.53    4.69    -0.16   4.47    4.39    
Cardinals      6.11    3.17    1.92    1.21    15.7%   8.1%    7.5%    .263    1.38    .288    72.5%   104     108     100     4.54    4.77    -0.23   4.54    4.51    
Devil Rays     6.20    3.84    1.62    1.14    15.4%   9.5%    5.9%    .280    1.55    .312    70.1%   111     107     109     4.97    4.83    0.14    4.91    4.80    
Cubs           7.82    4.30    1.82    1.31    19.6%   10.8%   8.8%    .249    1.45    .286    70.9%   102     105     101     4.74    4.88    -0.14   4.58    4.44    
Nationals      6.02    3.66    1.64    1.21    14.9%   9.1%    5.9%    .267    1.48    .292    69.0%   117     114     112     5.03    4.97    0.06    5.08    4.85    
Orioles        6.44    3.89    1.66    1.37    16.1%   9.7%    6.4%    .279    1.54    .307    69.2%   116     109     106     5.35    5.09    0.26    4.80    4.74    
Royals         5.70    4.02    1.42    1.34    14.1%   9.9%    4.1%    .287    1.60    .311    67.1%   124     118     112     5.67    5.29    0.39    5.09    5.01    
