Padres         6.89    2.87    2.40    0.72    18.2%   7.6%    10.6%   .245    1.27    .287    71.6%   92      88      92      3.72    3.81    -0.08   4.13    4.10    
Indians        6.44    2.52    2.55    0.90    16.9%   6.6%    10.3%   .265    1.32    .302    71.9%   92      94      95      4.05    4.06    -0.01   4.21    4.17    
Dodgers        7.35    3.22    2.29    0.91    19.1%   8.4%    10.7%   .256    1.35    .301    70.9%   97      92      90      4.20    4.07    0.14    4.07    4.07    
Angels         7.25    2.99    2.42    0.95    18.8%   7.7%    11.0%   .263    1.36    .307    71.1%   94      93      96      4.23    4.10    0.13    4.26    4.13    
Red Sox        7.19    3.02    2.38    0.94    18.9%   7.9%    11.0%   .244    1.27    .284    73.5%   83      96      96      3.87    4.14    -0.28   4.28    4.14    
Brewers        7.32    3.16    2.32    1.00    18.7%   8.1%    10.6%   .264    1.40    .308    70.2%   102     94      95      4.44    4.22    0.22    4.29    4.17    
Athletics      6.44    3.29    1.95    0.86    16.6%   8.5%    8.1%    .259    1.38    .296    69.4%   98      96      100     4.30    4.23    0.07    4.44    4.43    
Blue Jays      6.63    2.98    2.23    0.98    17.5%   7.8%    9.6%    .248    1.29    .282    71.8%   89      96      94      4.00    4.28    -0.28   4.15    4.15    
Giants         6.54    3.67    1.78    0.82    16.8%   9.4%    7.4%    .255    1.40    .293    71.8%   94      97      102     4.20    4.30    -0.10   4.59    4.56    
Cubs           7.53    3.56    2.11    1.03    19.6%   9.3%    10.3%   .241    1.32    .281    73.6%   88      96      97      4.04    4.36    -0.31   4.36    4.23    
Twins          6.85    2.63    2.60    1.16    17.8%   6.8%    11.0%   .266    1.34    .301    72.9%   94      101     95      4.18    4.37    -0.20   4.22    4.12    
Mariners       6.40    3.43    1.87    0.92    16.2%   8.6%    7.5%    .277    1.48    .315    69.3%   109     101     104     4.77    4.42    0.35    4.62    4.53    
Braves         6.83    3.32    2.06    1.06    17.7%   8.6%    9.1%    .254    1.36    .288    72.4%   94      100     95      4.11    4.45    -0.34   4.29    4.28    
Mets           7.03    3.53    1.99    1.02    18.0%   9.1%    9.0%    .250    1.37    .287    71.4%   99      100     101     4.27    4.46    -0.19   4.52    4.39    
Yankees        6.26    3.59    1.75    0.93    16.0%   9.2%    6.8%    .264    1.43    .299    70.6%   100     102     106     4.50    4.51    -0.01   4.70    4.62    
Diamondbacks   6.80    3.41    1.99    1.06    17.5%   8.8%    8.7%    .258    1.38    .293    72.7%   88      98      98      4.13    4.52    -0.38   4.42    4.37    
Rockies        5.91    3.08    1.92    1.00    15.4%   8.0%    7.4%    .261    1.36    .290    71.1%   90      97      100     4.32    4.52    -0.20   4.48    4.48    
Royals         6.22    3.26    1.91    1.05    15.9%   8.3%    7.6%    .272    1.44    .304    71.0%   98      103     104     4.50    4.55    -0.05   4.61    4.55    
White Sox      6.34    3.12    2.03    1.09    16.1%   7.9%    8.2%    .271    1.43    .304    68.2%   103     98      102     4.77    4.56    0.21    4.54    4.47    
Pirates        6.20    3.22    1.92    1.08    15.6%   8.1%    7.5%    .281    1.48    .315    69.5%   113     105     102     4.94    4.66    0.29    4.60    4.51    
Cardinals      5.92    3.19    1.86    1.05    15.0%   8.1%    6.9%    .266    1.41    .293    68.1%   108     106     104     4.67    4.66    0.01    4.67    4.59    
Tigers         6.51    3.52    1.85    1.08    16.5%   8.9%    7.6%    .262    1.43    .295    70.7%   101     104     103     4.58    4.67    -0.09   4.59    4.50    
Reds           6.63    2.99    2.22    1.23    16.8%   7.6%    9.2%    .277    1.44    .310    69.4%   108     101     100     4.95    4.69    0.26    4.52    4.37    
Devil Rays     7.52    3.58    2.10    1.25    18.6%   8.9%    9.8%    .286    1.55    .331    66.8%   124     107     100     5.53    4.70    0.83    4.47    4.28    
Astros         6.81    3.13    2.17    1.27    17.3%   7.9%    9.3%    .268    1.42    .300    71.7%   107     104     99      4.70    4.73    -0.03   4.44    4.31    
Marlins        7.12    4.12    1.73    1.10    17.5%   10.1%   7.4%    .278    1.58    .321    69.4%   112     108     104     4.96    4.77    0.18    4.69    4.55    
Orioles        6.80    4.35    1.56    1.01    16.9%   10.8%   6.1%    .264    1.52    .302    68.4%   114     104     107     5.19    4.78    0.40    4.78    4.69    
Rangers        6.14    4.20    1.46    0.98    15.3%   10.5%   4.8%    .270    1.53    .303    69.4%   102     106     108     4.76    4.83    -0.07   4.82    4.78    
Phillies       6.48    3.44    1.88    1.22    16.4%   8.7%    7.7%    .270    1.45    .301    71.5%   105     106     101     4.76    4.86    -0.10   4.52    4.48    
Nationals      5.79    3.61    1.61    1.16    14.7%   9.2%    5.5%    .263    1.44    .286    72.0%   107     114     110     4.58    4.92    -0.34   4.93    4.83    
