Dodgers        7.49    2.98    2.51    0.76    19.7%   7.8%    11.8%   .247    1.29    .295    72.6%   88      86      87      3.68    3.67    0.02    3.77    3.75    
Blue Jays      7.37    2.91    2.54    0.83    19.5%   7.7%    11.8%   .240    1.24    .284    74.8%   80      87      91      3.49    3.81    -0.32   3.92    3.85    
Diamondbacks   7.71    2.83    2.73    0.92    20.1%   7.4%    12.7%   .251    1.29    .297    70.9%   88      87      89      3.99    3.84    0.15    3.87    3.77    
Yankees        7.12    3.05    2.33    0.89    18.5%   7.9%    10.6%   .262    1.36    .307    71.0%   99      92      94      4.28    3.96    0.32    4.08    3.99    
White Sox      7.08    2.84    2.49    0.96    18.4%   7.4%    11.0%   .258    1.32    .298    71.0%   91      88      93      4.11    4.00    0.11    4.01    3.96    
Cubs           7.84    3.40    2.31    0.99    20.4%   8.8%    11.6%   .238    1.29    .281    74.0%   86      93      96      3.87    4.09    -0.22   4.14    3.97    
Red Sox        7.37    3.41    2.16    0.91    19.2%   8.9%    10.3%   .246    1.33    .289    72.6%   89      97      98      4.01    4.09    -0.08   4.23    4.10    
Angels         6.86    2.83    2.42    0.99    18.0%   7.4%    10.5%   .258    1.32    .296    73.0%   93      96      96      4.00    4.12    -0.12   4.17    4.06    
Athletics      6.65    3.61    1.84    0.85    17.4%   9.4%    7.9%    .249    1.35    .287    72.2%   95      99      105     4.01    4.19    -0.18   4.53    4.42    
Royals         6.75    3.21    2.11    0.99    17.5%   8.3%    9.2%    .260    1.38    .298    69.1%   101     98      101     4.50    4.21    0.29    4.36    4.26    
Rays           7.06    3.25    2.17    1.02    18.6%   8.6%    10.0%   .242    1.29    .277    74.0%   90      98      100     3.82    4.22    -0.41   4.35    4.18    
Giants         7.74    4.07    1.90    0.92    19.6%   10.3%   9.3%    .252    1.43    .300    71.4%   102     100     103     4.38    4.24    0.14    4.44    4.28    
Phillies       6.71    3.31    2.03    0.99    17.4%   8.6%    8.8%    .256    1.36    .292    74.8%   90      98      97      3.89    4.30    -0.40   4.21    4.22    
Twins          6.14    2.50    2.45    1.13    16.0%   6.5%    9.5%    .271    1.35    .301    72.0%   97      102     99      4.18    4.30    -0.12   4.29    4.23    
Rockies        6.48    3.50    1.85    0.92    16.4%   8.9%    7.6%    .270    1.46    .309    68.5%   102     95      100     4.77    4.30    0.47    4.32    4.32    
Mets           7.26    3.63    2.00    1.00    18.6%   9.3%    9.3%    .249    1.37    .289    73.6%   97      101     99      4.07    4.32    -0.24   4.26    4.20    
Padres         6.79    3.46    1.96    1.02    17.5%   8.9%    8.6%    .258    1.39    .294    70.9%   112     104     100     4.41    4.33    0.08    4.33    4.30    
Indians        6.18    2.78    2.22    1.06    16.0%   7.2%    8.8%    .270    1.37    .301    70.7%   104     102     99      4.46    4.33    0.13    4.28    4.25    
Brewers        6.86    3.26    2.10    1.08    17.9%   8.5%    9.4%    .251    1.33    .285    74.5%   91      100     96      3.87    4.34    -0.47   4.14    4.16    
Braves         6.72    3.66    1.84    0.97    17.2%   9.4%    7.8%    .256    1.41    .293    69.7%   106     102     97      4.47    4.35    0.11    4.20    4.24    
Marlins        7.07    3.67    1.92    1.01    18.0%   9.3%    8.6%    .253    1.40    .290    70.6%   103     103     102     4.44    4.37    0.07    4.42    4.31    
Cardinals      5.92    3.07    1.93    1.01    15.3%   7.9%    7.4%    .265    1.38    .295    72.9%   101     104     101     4.20    4.40    -0.20   4.37    4.39    
Astros         6.91    3.11    2.23    1.24    17.9%   8.0%    9.8%    .260    1.36    .293    72.8%   104     104     98      4.39    4.53    -0.14   4.24    4.14    
Reds           7.66    3.48    2.20    1.25    19.3%   8.8%    10.5%   .269    1.46    .312    72.5%   103     102     97      4.55    4.54    0.01    4.18    4.05    
Mariners       6.37    3.93    1.62    1.01    16.0%   9.8%    6.1%    .271    1.51    .307    70.7%   113     109     107     4.73    4.59    0.13    4.64    4.58    
Nationals      6.67    3.69    1.81    1.19    16.8%   9.3%    7.5%    .264    1.45    .296    70.1%   109     108     104     4.66    4.71    -0.05   4.49    4.42    
Tigers         6.17    4.01    1.54    1.07    15.5%   10.0%   5.4%    .270    1.51    .302    69.4%   112     110     112     4.91    4.79    0.12    4.86    4.73    
Rangers        6.01    3.90    1.54    1.10    14.8%   9.6%    5.2%    .284    1.58    .315    65.6%   119     109     111     5.37    4.83    0.53    4.82    4.70    
Pirates        5.96    4.06    1.47    1.09    14.8%   10.1%   4.7%    .280    1.57    .311    69.5%   120     113     110     5.10    4.84    0.26    4.74    4.75    
Orioles        5.84    4.35    1.34    1.16    14.4%   10.7%   3.7%    .272    1.56    .298    70.1%   116     114     116     5.15    5.14    0.02    5.04    4.91    
