Braves         7.58    3.26    2.32    0.73    19.8%   8.5%    11.3%   .249    1.32    .299    73.8%   86      87      92      3.57    3.66    -0.08   3.91    3.91    
Dodgers        7.77    3.57    2.18    0.78    20.6%   9.4%    11.1%   .228    1.25    .275    74.9%   84      91      96      3.41    3.80    -0.38   4.07    3.98    
Cardinals      6.55    2.87    2.28    0.77    17.2%   7.6%    9.7%    .252    1.30    .292    73.2%   90      92      94      3.66    3.82    -0.16   4.00    4.01    
Giants         8.10    3.63    2.23    0.87    21.3%   9.6%    11.8%   .231    1.28    .279    75.5%   86      93      94      3.55    3.85    -0.30   3.99    3.94    
Rockies        7.22    3.30    2.19    0.88    18.7%   8.6%    10.1%   .255    1.36    .299    71.3%   92      89      94      4.24    3.96    0.27    3.99    4.02    
Athletics      6.99    3.25    2.15    0.97    18.0%   8.4%    9.6%    .261    1.39    .302    70.3%   99      95      96      4.29    4.10    0.19    4.24    4.15    
Cubs           7.92    3.65    2.17    1.00    20.6%   9.5%    11.1%   .240    1.32    .285    74.4%   88      96      98      3.84    4.11    -0.27   4.14    4.02    
Red Sox        7.71    3.32    2.32    1.05    19.6%   8.4%    11.1%   .263    1.41    .309    73.0%   93      96      96      4.35    4.14    0.21    4.25    4.03    
Marlins        7.77    3.74    2.08    1.00    19.8%   9.5%    10.3%   .252    1.40    .298    70.7%   101     99      99      4.32    4.15    0.17    4.18    4.09    
Diamondbacks   7.20    3.26    2.21    1.04    18.5%   8.4%    10.1%   .258    1.38    .298    69.8%   100     97      98      4.44    4.20    0.24    4.17    4.11    
White Sox      7.00    3.17    2.21    1.06    18.2%   8.2%    9.9%    .256    1.35    .294    71.7%   90      91      95      4.16    4.21    -0.05   4.19    4.13    
Padres         7.36    3.74    1.97    1.04    18.9%   9.6%    9.3%    .253    1.40    .294    70.9%   114     105     101     4.37    4.30    0.08    4.29    4.20    
Yankees        7.82    3.56    2.20    1.12    20.2%   9.2%    11.0%   .247    1.35    .290    71.9%   93      94      95      4.28    4.32    -0.04   4.17    4.02    
Astros         7.20    3.44    2.10    1.11    18.3%   8.8%    9.6%    .270    1.45    .311    72.0%   110     102     98      4.54    4.35    0.20    4.16    4.11    
Blue Jays      7.33    3.42    2.14    1.12    18.8%   8.8%    10.0%   .266    1.42    .308    72.2%   100     98      94      4.47    4.35    0.12    4.13    4.08    
Royals         7.28    3.79    1.92    1.05    18.4%   9.6%    8.8%    .265    1.46    .307    68.0%   108     100     99      4.83    4.36    0.47    4.38    4.28    
Phillies       7.13    3.02    2.36    1.17    18.4%   7.8%    10.6%   .260    1.35    .296    75.0%   98      102     100     4.16    4.36    -0.20   4.22    4.09    
Rays           7.09    3.25    2.18    1.15    18.3%   8.4%    9.9%    .254    1.36    .289    71.2%   102     101     97      4.36    4.37    -0.01   4.30    4.18    
Twins          6.52    2.89    2.26    1.15    16.8%   7.4%    9.3%    .268    1.38    .301    72.0%   102     102     101     4.50    4.39    0.11    4.45    4.26    
Mariners       6.46    3.31    1.95    1.07    16.9%   8.7%    8.3%    .243    1.30    .272    73.4%   90      102     101     3.87    4.39    -0.52   4.46    4.38    
Angels         6.61    3.26    2.03    1.12    17.0%   8.4%    8.6%    .267    1.41    .301    72.4%   101     102     101     4.45    4.45    0.00    4.46    4.33    
Pirates        5.83    3.57    1.63    0.96    15.0%   9.2%    5.8%    .269    1.45    .300    70.6%   111     107     109     4.59    4.48    0.11    4.63    4.65    
Rangers        6.37    3.33    1.91    1.07    16.5%   8.6%    7.9%    .257    1.37    .288    72.1%   93      98      102     4.38    4.49    -0.10   4.50    4.40    
Mets           6.51    3.89    1.67    1.00    16.4%   9.8%    6.6%    .259    1.45    .292    71.8%   110     108     110     4.46    4.50    -0.04   4.66    4.57    
Tigers         6.85    3.69    1.86    1.13    17.7%   9.5%    8.1%    .259    1.41    .293    73.2%   96      102     101     4.34    4.53    -0.18   4.45    4.38    
Reds           6.60    3.56    1.85    1.16    17.1%   9.2%    7.9%    .253    1.37    .283    74.4%   98      106     106     4.18    4.63    -0.45   4.50    4.42    
Indians        6.19    3.75    1.65    1.15    15.5%   9.4%    6.1%    .275    1.51    .305    68.9%   115     108     106     5.07    4.73    0.35    4.69    4.62    
Nationals      5.76    3.97    1.45    1.09    14.3%   9.9%    4.4%    .270    1.52    .296    67.9%   120     113     113     5.02    4.82    0.19    4.80    4.79    
Brewers        6.92    3.81    1.82    1.30    17.4%   9.6%    7.8%    .264    1.47    .295    71.9%   117     114     107     4.84    4.84    0.00    4.54    4.40    
Orioles        5.88    3.44    1.71    1.37    14.7%   8.6%    6.1%    .283    1.52    .307    70.3%   113     109     108     5.16    5.03    0.14    4.78    4.64    
