Braves         7.76    3.16    2.46    0.79    20.5%   8.3%    12.2%   .241    1.27    .290    73.4%   89      92      91      3.57    3.65    -0.08   3.65    3.62    
Padres         8.00    3.20    2.50    0.86    21.4%   8.5%    12.8%   .237    1.25    .286    76.7%   92      95      92      3.41    3.66    -0.26   3.67    3.63    
Giants         8.20    3.56    2.30    0.83    21.6%   9.4%    12.2%   .231    1.27    .282    77.0%   87      97      99      3.36    3.74    -0.38   3.94    3.79    
Dodgers        7.95    3.36    2.36    0.84    20.7%   8.8%    12.0%   .239    1.29    .287    70.9%   105     96      97      4.01    3.76    0.25    3.87    3.76    
White Sox      7.15    3.05    2.34    0.85    18.6%   7.9%    10.7%   .260    1.36    .305    71.5%   94      87      94      4.09    3.80    0.30    3.94    3.91    
Rockies        7.70    3.28    2.35    0.87    20.1%   8.5%    11.5%   .253    1.34    .302    70.8%   91      90      95      4.14    3.83    0.31    3.80    3.76    
Cardinals      6.77    2.95    2.29    0.82    17.8%   7.8%    10.1%   .252    1.30    .292    74.0%   91      98      97      3.57    3.85    -0.27   3.87    3.86    
Astros         7.57    3.43    2.21    0.88    19.5%   8.8%    10.6%   .257    1.39    .305    71.0%   103     97      99      4.09    3.89    0.20    3.97    3.92    
Twins          6.49    2.37    2.74    0.96    17.2%   6.3%    10.9%   .263    1.29    .299    73.4%   95      95      94      3.95    3.91    0.04    3.93    3.89    
Marlins        7.31    3.44    2.13    0.84    18.8%   8.8%    10.0%   .255    1.38    .301    71.3%   100     100     103     4.09    3.92    0.18    4.11    4.01    
Phillies       7.31    2.57    2.84    1.04    19.4%   6.8%    12.6%   .249    1.25    .289    75.3%   91      98      94      3.68    3.93    -0.24   3.75    3.67    
Mets           6.85    3.38    2.03    0.84    17.7%   8.7%    9.0%    .255    1.36    .296    74.9%   96      102     104     3.73    4.00    -0.27   4.14    4.11    
Blue Jays      7.40    3.37    2.20    0.94    19.2%   8.7%    10.5%   .253    1.35    .297    71.2%   101     96      96      4.23    4.04    0.19    4.03    3.92    
Red Sox        7.46    3.58    2.08    0.94    19.3%   9.3%    10.0%   .249    1.36    .292    70.8%   96      99      99      4.19    4.08    0.11    4.13    4.03    
Rays           7.36    2.96    2.49    1.08    19.5%   7.8%    11.7%   .241    1.26    .278    75.2%   96      101     96      3.78    4.09    -0.31   4.00    3.86    
Cubs           7.94    3.79    2.10    0.96    20.1%   9.6%    10.5%   .250    1.40    .298    70.4%   103     102     102     4.24    4.11    0.14    4.08    3.96    
Angels         7.02    3.51    2.00    0.92    18.1%   9.0%    9.0%    .252    1.37    .292    72.9%   101     101     102     4.04    4.11    -0.07   4.24    4.16    
Reds           7.00    3.25    2.16    0.98    18.3%   8.5%    9.8%    .250    1.33    .288    73.6%   98      100     103     4.02    4.12    -0.10   4.13    4.04    
Nationals      6.70    3.21    2.09    0.95    17.2%   8.2%    8.9%    .260    1.38    .297    70.8%   103     103     103     4.13    4.12    0.01    4.13    4.09    
Athletics      6.73    3.22    2.09    0.96    17.8%   8.5%    9.3%    .241    1.28    .274    75.1%   89      101     98      3.58    4.13    -0.54   4.08    4.07    
Tigers         6.58    3.35    1.97    0.88    17.0%   8.7%    8.4%    .258    1.37    .296    70.6%   102     99      103     4.29    4.14    0.14    4.31    4.22    
Rangers        7.30    3.41    2.14    1.00    19.0%   8.9%    10.1%   .242    1.31    .280    73.6%   89      96      100     3.93    4.17    -0.24   4.19    4.03    
Mariners       6.09    2.83    2.15    0.98    16.0%   7.4%    8.6%    .250    1.29    .279    71.4%   102     104     101     3.95    4.17    -0.22   4.23    4.22    
Brewers        7.87    3.64    2.16    1.08    19.9%   9.2%    10.7%   .261    1.44    .308    70.0%   114     104     102     4.59    4.21    0.38    4.07    3.94    
Yankees        7.20    3.37    2.14    1.12    18.9%   8.8%    10.1%   .245    1.31    .281    74.0%   95      100     99      4.06    4.34    -0.29   4.15    4.01    
Indians        6.07    3.59    1.69    0.92    15.5%   9.2%    6.3%    .264    1.43    .297    71.4%   107     107     106     4.30    4.40    -0.10   4.41    4.37    
Pirates        6.54    3.43    1.91    1.06    16.3%   8.5%    7.7%    .275    1.49    .311    67.4%   128     113     109     5.00    4.45    0.56    4.35    4.25    
Royals         6.48    3.45    1.88    1.10    16.3%   8.7%    7.6%    .271    1.46    .304    68.6%   119     109     106     4.97    4.48    0.49    4.41    4.32    
Orioles        6.31    3.26    1.94    1.17    16.1%   8.3%    7.8%    .265    1.41    .294    71.3%   108     105     106     4.59    4.57    0.02    4.44    4.32    
Diamondbacks   6.72    3.44    1.95    1.32    17.1%   8.8%    8.3%    .266    1.43    .296    70.1%   113     117     109     4.81    4.76    0.05    4.35    4.25    
