Phillies       7.92    2.46    3.22    0.73    21.4%   6.7%    14.7%   .235    1.17    .286    77.5%   79      83      88      3.02    3.24    -0.22   3.41    3.35    
Giants         8.07    3.43    2.35    0.59    21.5%   9.1%    12.3%   .228    1.24    .283    74.4%   89      90      95      3.21    3.33    -0.12   3.66    3.62    
Braves         8.10    3.17    2.56    0.76    21.4%   8.4%    13.0%   .236    1.25    .288    75.2%   92      93      92      3.49    3.49    0.00    3.54    3.49    
Brewers        7.85    2.75    2.86    0.92    20.8%   7.3%    13.5%   .242    1.24    .288    73.2%   94      90      93      3.64    3.59    0.05    3.58    3.51    
Dodgers        7.95    3.19    2.50    0.83    21.1%   8.5%    12.6%   .236    1.25    .285    74.1%   98      95      97      3.56    3.61    -0.05   3.72    3.65    
White Sox      7.52    2.71    2.78    0.91    19.7%   7.1%    12.6%   .256    1.30    .303    71.3%   97      86      91      4.10    3.66    0.44    3.69    3.63    
Padres         7.07    3.24    2.19    0.78    18.8%   8.6%    10.2%   .240    1.27    .283    74.5%   97      100     102     3.43    3.73    -0.30   3.93    3.91    
Cardinals      6.76    2.76    2.45    0.84    17.7%   7.2%    10.5%   .256    1.31    .296    71.6%   102     100     98      3.79    3.75    0.04    3.79    3.79    
Marlins        7.51    3.08    2.44    0.92    19.6%   8.1%    11.6%   .248    1.30    .292    71.5%   102     100     99      3.95    3.79    0.17    3.80    3.73    
Athletics      7.21    3.23    2.24    0.85    18.8%   8.4%    10.4%   .246    1.31    .289    72.1%   94      96      98      3.71    3.80    -0.09   3.98    3.90    
Nationals      6.51    2.96    2.20    0.80    17.1%   7.8%    9.3%    .250    1.30    .287    73.6%   94      100     105     3.58    3.83    -0.25   4.04    4.00    
Mariners       6.83    2.74    2.50    0.91    18.1%   7.2%    10.8%   .248    1.26    .285    71.4%   102     98      97      3.91    3.84    0.07    3.92    3.86    
Yankees        7.54    3.13    2.41    0.94    19.7%   8.2%    11.5%   .252    1.32    .297    75.0%   89      92      95      3.73    3.87    -0.13   3.84    3.75    
Angels         6.50    2.92    2.22    0.87    17.3%   7.8%    9.5%    .247    1.27    .282    74.5%   91      98      99      3.57    3.89    -0.32   4.01    4.00    
Tigers         6.97    3.08    2.27    0.93    18.3%   8.1%    10.2%   .253    1.32    .292    71.1%   97      97      99      4.04    3.96    0.09    4.00    3.92    
Rangers        7.36    2.88    2.56    1.06    19.6%   7.7%    11.9%   .241    1.24    .278    72.5%   88      95      95      3.79    3.98    -0.19   3.83    3.74    
Mets           7.00    3.19    2.19    0.91    17.8%   8.1%    9.7%    .259    1.38    .299    71.2%   113     106     105     4.19    4.00    0.19    4.04    3.94    
Diamondbacks   6.60    2.76    2.39    0.99    17.3%   7.2%    10.1%   .252    1.29    .286    73.9%   95      104     105     3.80    4.02    -0.22   4.05    3.98    
Rays           7.10    3.13    2.27    1.00    19.0%   8.4%    10.6%   .231    1.22    .265    75.5%   92      102     99      3.58    4.03    -0.45   4.01    3.93    
Red Sox        7.49    3.33    2.25    0.96    19.4%   8.7%    10.8%   .243    1.31    .285    70.8%   99      102     102     4.20    4.05    0.15    4.13    3.88    
Indians        6.34    2.87    2.21    0.95    16.4%   7.4%    9.0%    .259    1.34    .293    69.5%   108     102     101     4.24    4.06    0.18    4.09    4.02    
Cubs           7.68    3.64    2.11    1.02    19.5%   9.3%    10.3%   .256    1.41    .301    71.3%   110     106     104     4.34    4.11    0.23    4.02    3.92    
Pirates        6.40    3.32    1.93    0.94    16.3%   8.5%    7.9%    .265    1.41    .300    73.7%   109     112     109     4.05    4.20    -0.15   4.18    4.14    
Rockies        6.95    3.25    2.14    1.09    18.0%   8.4%    9.6%    .261    1.38    .298    70.6%   101     104     103     4.44    4.24    0.20    3.98    3.93    
Royals         6.70    3.45    1.94    1.01    17.2%   8.9%    8.3%    .262    1.41    .299    71.5%   107     106     105     4.45    4.27    0.18    4.24    4.15    
Blue Jays      7.21    3.33    2.16    1.10    18.6%   8.6%    10.0%   .253    1.35    .290    71.6%   104     104     100     4.33    4.29    0.04    4.06    3.93    
Twins          5.95    3.04    1.96    1.02    15.1%   7.7%    7.4%    .276    1.44    .307    69.1%   112     108     107     4.60    4.30    0.29    4.33    4.26    
Astros         7.47    3.51    2.13    1.18    19.0%   8.9%    10.1%   .261    1.42    .301    70.8%   119     112     104     4.51    4.35    0.16    4.02    3.94    
Reds           6.82    3.31    2.06    1.13    17.8%   8.6%    9.2%    .250    1.33    .282    73.7%   107     111     107     4.16    4.37    -0.21   4.11    4.03    
Orioles        6.49    3.33    1.95    1.31    16.5%   8.4%    8.0%    .273    1.45    .302    69.5%   117     111     106     4.92    4.67    0.25    4.29    4.18    
